20480934
20481731
20477233
20481667
20479438
20407529
20464105
20464016
20484506
20427873
20363315
20435998
20466594
20464007
20464122
20466573
20463987
20466628
20466580
20461366
20464008
20137001
2516564
20353481
20483568
20440994
20470701
20240188
2526394
20453048
20387749
20437348
20347357
20349411
20459430
20474037
20197039
20461105
20173155
20470685
2117755
20387886
2503385
2421004
20130739
20416567
20483557
20388240
20445770
20420347
20291722
20424133
20129054
20200208
20459795
20461426
2117826
20388316
20470693
20133084
20481515
2421799
20446054
20464982
20168305
2127653
20482230
20414286
20461447
20470718
20280771
20483562
20421183
20396325
2229320
20424596
20416570
20301425
20459434
20466802
20162657
20219924
20438929
20474039
20403413
20460795
20478026
20481628
8599329
20463958
20460299
20478676
20463861
20435255
20365095
20433250
20461430
20433226
2124922
20424534
20422904
20395971
20401958
20382223
20390014
20297086
20425090
20133198
20483564
20447678
20387776
20453407
20168302
20349402
20438930
20220936
20464371
20482201
20461433
20470710
20250608
2127594
2220346
20306315
20133543
20437224
20393349
2512847
20483565
20447694
20440772
20437199
20465451
20438709
20447703
20477235
20436153
20444649
20382229
20432470
20476293
