20363315
20435998
20427873
20466628
20466580
20469365
20466594
20461366
20304330
20434961
20141370
20235458
20251886
20148783
20440159
20470913
2527052
20419295
20452899
20324693
20477588
20382235
20460921
20402338
20477550
20076465
20445933
20056449
20482773
20477552
2175664
20288402
20469347
20483625
20114722
19970111
20419053
20480404
20437859
20218307
20477655
20442320
20483825
2438786
20460046
20429669
20479885
20424392
20322331
2165501
20349595
20128620
20145725
20472957
20431319
20451970
20478724
20167107
20054038
20402334
20215752
20472562
2175662
20469344
20193883
20418168
20467553
20174109
20160296
2220419
20435893
20483619
20460124
20480400
20479995
20482772
20382234
20445856
20375771
20446068
20478939
20167085
20353968
20472553
2175656
20467564
20165465
2229359
20212827
20179337
20483620
20436436
20460133
20480401
20444362
20278485
20215484
20466272
20483622
20437829
2317198
20105788
20480402
20437557
20389279
20470620
20402635
20482776
20208244
20447166
20445969
20483616
20480396
20386602
20480310
20380092
20323751
20482633
20482758
20446062
20445832
20430410
20461063
2167379
20116962
20453192
20402755
20134788
20236437
20480015
2462011
20346145
20469499
20429591
20235248
20137399
20424160
20482779
20402662
20216957
20448319
20447138
20477556
20402366
2415624
20291491
20469355
20247703
19970164
20437885
20119171
20483629
20470587
20419065
20415550
20410211
20482780
20379594
20218417
20209447
20449246
20402512
20453181
20477565
20129067
20224825
2417546
20150359
20381427
20453840
20404768
20453201
20480026
20469554
20417288
20480326
19972433
20469561
20374400
20471092
20339301
20440203
20255316
20141373
20387415
2470244
20228039
20465451
20438709
20477235
20444649
20481628
20460795
20478026
20478676
8599329
20463861
20463958
20435255
20365095
20433226
20424534
20433250
20401958
20422904
20395971
20424732
20336717
2527137
20419606
20473197
20471278
20150715
20422808
20381424
20455609
20434351
20368006
20404560
20453173
20133646
20480002
2457341
20469368
20203808
20374660
20304349
20130377
20483648
20419257
20471219
20393923
20103445
2428965
20371521
20125311
20437923
20422541
20419110
20467215
20483630
20479888
20438249
20266425
20412748
20452894
20464008
20464007
20466573
20464122
20464105
20463987
20464016
20484506
20391889
20453740
20479876
20235441
19972485
20452850
20461522
20484611
20370933
20130469
20429264
20438987
20477855
20325124
20126626
20183049
20421731
20347957
20477347
20131549
20420909
20477520
20450849
20370795
20464425
20115804
20477410
20382140
20302515
20440219
20138736
20118708
20404377
20159547
20436391
20477870
20477351
20243316
20142894
20421718
20464419
20376351
20477529
20123687
20450854
20479859
20382548
20138806
20394704
20443677
20477513
2413096
20450846
20378004
20477407
2494526
20409945
20118702
20224529
20477879
20436372
20191353
20436503
20135879
20138962
20477357
20397797
20437487
20464428
20447540
20477539
20450855
20477875
20452841
20464828
20385304
20479862
20155117
20422260
20127746
20302569
20438864
20477865
20471600
20284409
20177854
20477364
20475755
20461626
20429592
20390135
20460412
20477546
20452843
20450858
20479867
20128329
20460468
20387927
20128523
20162497
20422301
20437793
20325085
20476500
20477862
20290854
20477368
20193784
20437491
20475757
20464512
20459238
20450862
20452845
20388079
20203810
20479871
20466597
20130372
20401286
20425328
20325108
20178707
20291525
20477859
20438981
20200092
20482755
20422648
20437493
20442155
20247259
20430220
20392626
20459252
20482768
20212829
20437499
20442306
20481725
20402648
20452853
20459518
20469723
20479879
20401297
20452063
19973012
20255312
20133161
20429427
20288616
20483610
20439021
20481990
20241292
20479772
20482763
20437578
20442312
20322264
20405650
20459529
20469730
20452857
20412371
20103206
20479883
20137422
20341579
20422990
20429440
20440942
20483612
20480391
20388250
20481942
20482761
20446060
20292910
